0.469622570962425
0.555669990236319
0.703864997014542
0.483677620391731
0.132985235865895
0.996706266205072
0.457099545232296
0.307171954760654
0.434122489313589
0.705461908490306
0.535756513245418
0.185500976427055
0.51743942298154
0.782379522455797
0.335283404168909
1.21488355494417
0.640677999616138
0.310549639052461
0.48361097138385
0.555375176598538
0.231722759179728
0.504713443613629
0.473833043375231
0.219358058481791
0.902712666696148
0.804111833709609
0.390054553927538
1.07915069910576
0.0999335367709758
0.512207085053228
0.385193577811206
1.42264034444779
-0.183061262881586
0.543959185704497
0.673920891745408
0.064042693409621
0.835056630740356
0.207945207997517
-0.224995920184071
-0.0209471170013524
-0.139069609050744
-0.0984634386319641
-0.448020800379608
-0.049009150731596
-0.274192141004272
